/*--------------------------------*- C++ -*----------------------------------*\
| =========                 |                                                 |
| \\      /  F ield         | OpenFOAM: The Open Source CFD Toolbox           |
|  \\    /   O peration     | Version:  v2212                                 |
|   \\  /    A nd           | Website:  www.openfoam.com                      |
|    \\/     M anipulation  |                                                 |
\*---------------------------------------------------------------------------*/

probes
{
    type    probes;

    libs    (sampling);

    writeControl    timeStep;

    writeInterval   10;

    fixedLocations  true;

    fields  (p U);

    probeLocations
    (
        (0.00075 0 0)
        (0.000738605814759156 0.000130236133250198 0)
        (0.000704769465589431 0.000256515107494252 0)
        (0.000649519052838329 0.000375 0)
        (0.000574533332339234 0.000482090707264904 0)
        (0.000482090707264904 0.000574533332339234 0)
        (0.000375 0.000649519052838329 0)
        (0.000256515107494252 0.000704769465589431 0)
        (0.000130236133250198 0.000738605814759156 0)
        (0 0.00075 0)
        (-0.000130236133250198 0.000738605814759156 0)
        (-0.000256515107494252 0.000704769465589431 0)
        (-0.000375 0.000649519052838329 0)
        (-0.000482090707264904 0.000574533332339234 0)
        (-0.000574533332339234 0.000482090707264904 0)
        (-0.000649519052838329 0.000375 0)
        (-0.000704769465589431 0.000256515107494252 0)
        (-0.000738605814759156 0.000130236133250198 0)
        (-0.00075 0 0)
        (-0.000738605814759156 -0.000130236133250198 0)
        (-0.000704769465589431 -0.000256515107494252 0)
        (-0.000649519052838329 -0.000375 0)
        (-0.000574533332339234 -0.000482090707264904 0)
        (-0.000482090707264904 -0.000574533332339234 0)
        (-0.000375 -0.000649519052838329 0)
        (-0.000256515107494252 -0.000704769465589431 0)
        (-0.000130236133250198 -0.000738605814759156 0)
        (0 -0.00075 0)
        (0.000130236133250198 -0.000738605814759156 0)
        (0.000256515107494252 -0.000704769465589431 0)
        (0.000375 -0.000649519052838329 0)
        (0.000482090707264904 -0.000574533332339234 0)
        (0.000574533332339234 -0.000482090707264904 0)
        (0.000649519052838329 -0.000375 0)
        (0.000704769465589431 -0.000256515107494252 0)
        (0.000738605814759156 -0.000130236133250198 0)
        (0.0015 0 0)
        (0.00147721162951831 0.000260472266500396 0)
        (0.00140953893117886 0.000513030214988503 0)
        (0.00129903810567666 0.00075 0)
        (0.00114906666467847 0.000964181414529809 0)
        (0.000964181414529809 0.00114906666467847 0)
        (0.00075 0.00129903810567666 0)
        (0.000513030214988503 0.00140953893117886 0)
        (0.000260472266500396 0.00147721162951831 0)
        (0 0.0015 0)
        (-0.000260472266500396 0.00147721162951831 0)
        (-0.000513030214988503 0.00140953893117886 0)
        (-0.00075 0.00129903810567666 0)
        (-0.000964181414529809 0.00114906666467847 0)
        (-0.00114906666467847 0.000964181414529809 0)
        (-0.00129903810567666 0.00075 0)
        (-0.00140953893117886 0.000513030214988503 0)
        (-0.00147721162951831 0.000260472266500396 0)
        (-0.0015 0 0)
        (-0.00147721162951831 -0.000260472266500396 0)
        (-0.00140953893117886 -0.000513030214988503 0)
        (-0.00129903810567666 -0.00075 0)
        (-0.00114906666467847 -0.000964181414529809 0)
        (-0.000964181414529809 -0.00114906666467847 0)
        (-0.00075 -0.00129903810567666 0)
        (-0.000513030214988503 -0.00140953893117886 0)
        (-0.000260472266500396 -0.00147721162951831 0)
        (0 -0.0015 0)
        (0.000260472266500396 -0.00147721162951831 0)
        (0.000513030214988503 -0.00140953893117886 0)
        (0.00075 -0.00129903810567666 0)
        (0.000964181414529809 -0.00114906666467847 0)
        (0.00114906666467847 -0.000964181414529809 0)
        (0.00129903810567666 -0.00075 0)
        (0.00140953893117886 -0.000513030214988503 0)
        (0.00147721162951831 -0.000260472266500396 0)
        (0.00225 0 0)
        (0.00221581744427747 0.000390708399750593 0)
        (0.00211430839676829 0.000769545322482755 0)
        (0.00194855715851499 0.001125 0)
        (0.0017235999970177 0.00144627212179471 0)
        (0.00144627212179471 0.0017235999970177 0)
        (0.001125 0.00194855715851499 0)
        (0.000769545322482755 0.00211430839676829 0)
        (0.000390708399750593 0.00221581744427747 0)
        (0 0.00225 0)
        (-0.000390708399750593 0.00221581744427747 0)
        (-0.000769545322482755 0.00211430839676829 0)
        (-0.001125 0.00194855715851499 0)
        (-0.00144627212179471 0.0017235999970177 0)
        (-0.0017235999970177 0.00144627212179471 0)
        (-0.00194855715851499 0.001125 0)
        (-0.00211430839676829 0.000769545322482755 0)
        (-0.00221581744427747 0.000390708399750593 0)
        (-0.00225 0 0)
        (-0.00221581744427747 -0.000390708399750593 0)
        (-0.00211430839676829 -0.000769545322482755 0)
        (-0.00194855715851499 -0.001125 0)
        (-0.0017235999970177 -0.00144627212179471 0)
        (-0.00144627212179471 -0.0017235999970177 0)
        (-0.001125 -0.00194855715851499 0)
        (-0.000769545322482755 -0.00211430839676829 0)
        (-0.000390708399750593 -0.00221581744427747 0)
        (0 -0.00225 0)
        (0.000390708399750593 -0.00221581744427747 0)
        (0.000769545322482755 -0.00211430839676829 0)
        (0.001125 -0.00194855715851499 0)
        (0.00144627212179471 -0.0017235999970177 0)
        (0.0017235999970177 -0.00144627212179471 0)
        (0.00194855715851499 -0.001125 0)
        (0.00211430839676829 -0.000769545322482755 0)
        (0.00221581744427747 -0.000390708399750593 0)
        (0.003 0 0)
        (0.00295442325903662 0.000520944533000791 0)
        (0.00281907786235773 0.00102606042997701 0)
        (0.00259807621135332 0.0015 0)
        (0.00229813332935693 0.00192836282905962 0)
        (0.00192836282905962 0.00229813332935693 0)
        (0.0015 0.00259807621135332 0)
        (0.00102606042997701 0.00281907786235773 0)
        (0.000520944533000791 0.00295442325903662 0)
        (0 0.003 0)
        (-0.000520944533000791 0.00295442325903662 0)
        (-0.00102606042997701 0.00281907786235773 0)
        (-0.0015 0.00259807621135332 0)
        (-0.00192836282905962 0.00229813332935693 0)
        (-0.00229813332935693 0.00192836282905962 0)
        (-0.00259807621135332 0.0015 0)
        (-0.00281907786235773 0.00102606042997701 0)
        (-0.00295442325903662 0.000520944533000791 0)
        (-0.003 0 0)
        (-0.00295442325903662 -0.000520944533000791 0)
        (-0.00281907786235773 -0.00102606042997701 0)
        (-0.00259807621135332 -0.0015 0)
        (-0.00229813332935693 -0.00192836282905962 0)
        (-0.00192836282905962 -0.00229813332935693 0)
        (-0.0015 -0.00259807621135332 0)
        (-0.00102606042997701 -0.00281907786235773 0)
        (-0.000520944533000791 -0.00295442325903662 0)
        (0 -0.003 0)
        (0.000520944533000791 -0.00295442325903662 0)
        (0.00102606042997701 -0.00281907786235773 0)
        (0.0015 -0.00259807621135332 0)
        (0.00192836282905962 -0.00229813332935693 0)
        (0.00229813332935693 -0.00192836282905962 0)
        (0.00259807621135332 -0.0015 0)
        (0.00281907786235773 -0.00102606042997701 0)
        (0.00295442325903662 -0.000520944533000791 0)
        (0.00375 0 0)
        (0.00369302907379578 0.000651180666250989 0)
        (0.00352384732794716 0.00128257553747126 0)
        (0.00324759526419164 0.001875 0)
        (0.00287266666169617 0.00241045353632452 0)
        (0.00241045353632452 0.00287266666169617 0)
        (0.001875 0.00324759526419164 0)
        (0.00128257553747126 0.00352384732794716 0)
        (0.000651180666250989 0.00369302907379578 0)
        (0 0.00375 0)
        (-0.000651180666250989 0.00369302907379578 0)
        (-0.00128257553747126 0.00352384732794716 0)
        (-0.001875 0.00324759526419164 0)
        (-0.00241045353632452 0.00287266666169617 0)
        (-0.00287266666169617 0.00241045353632452 0)
        (-0.00324759526419164 0.001875 0)
        (-0.00352384732794716 0.00128257553747126 0)
        (-0.00369302907379578 0.000651180666250989 0)
        (-0.00375 0 0)
        (-0.00369302907379578 -0.000651180666250989 0)
        (-0.00352384732794716 -0.00128257553747126 0)
        (-0.00324759526419164 -0.001875 0)
        (-0.00287266666169617 -0.00241045353632452 0)
        (-0.00241045353632452 -0.00287266666169617 0)
        (-0.001875 -0.00324759526419164 0)
        (-0.00128257553747126 -0.00352384732794716 0)
        (-0.000651180666250989 -0.00369302907379578 0)
        (0 -0.00375 0)
        (0.000651180666250989 -0.00369302907379578 0)
        (0.00128257553747126 -0.00352384732794716 0)
        (0.001875 -0.00324759526419164 0)
        (0.00241045353632452 -0.00287266666169617 0)
        (0.00287266666169617 -0.00241045353632452 0)
        (0.00324759526419164 -0.001875 0)
        (0.00352384732794716 -0.00128257553747126 0)
        (0.00369302907379578 -0.000651180666250989 0)
        (0.0045 0 0)
        (0.00443163488855494 0.000781416799501187 0)
        (0.00422861679353659 0.00153909064496551 0)
        (0.00389711431702997 0.00225 0)
        (0.0034471999940354 0.00289254424358943 0)
        (0.00289254424358943 0.0034471999940354 0)
        (0.00225 0.00389711431702997 0)
        (0.00153909064496551 0.00422861679353659 0)
        (0.000781416799501187 0.00443163488855494 0)
        (0 0.0045 0)
        (-0.000781416799501187 0.00443163488855494 0)
        (-0.00153909064496551 0.00422861679353659 0)
        (-0.00225 0.00389711431702997 0)
        (-0.00289254424358943 0.0034471999940354 0)
        (-0.0034471999940354 0.00289254424358943 0)
        (-0.00389711431702997 0.00225 0)
        (-0.00422861679353659 0.00153909064496551 0)
        (-0.00443163488855494 0.000781416799501187 0)
        (-0.0045 0 0)
        (-0.00443163488855494 -0.000781416799501187 0)
        (-0.00422861679353659 -0.00153909064496551 0)
        (-0.00389711431702997 -0.00225 0)
        (-0.0034471999940354 -0.00289254424358943 0)
        (-0.00289254424358943 -0.0034471999940354 0)
        (-0.00225 -0.00389711431702997 0)
        (-0.00153909064496551 -0.00422861679353659 0)
        (-0.000781416799501187 -0.00443163488855494 0)
        (0 -0.0045 0)
        (0.000781416799501187 -0.00443163488855494 0)
        (0.00153909064496551 -0.00422861679353659 0)
        (0.00225 -0.00389711431702997 0)
        (0.00289254424358943 -0.0034471999940354 0)
        (0.0034471999940354 -0.00289254424358943 0)
        (0.00389711431702997 -0.00225 0)
        (0.00422861679353659 -0.00153909064496551 0)
        (0.00443163488855494 -0.000781416799501187 0)
        (0.00525 0 0)
        (0.00517024070331409 0.000911652932751384 0)
        (0.00493338625912602 0.00179560575245976 0)
        (0.0045466333698683 0.002625 0)
        (0.00402173332637463 0.00337463495085433 0)
        (0.00337463495085433 0.00402173332637463 0)
        (0.002625 0.0045466333698683 0)
        (0.00179560575245976 0.00493338625912602 0)
        (0.000911652932751384 0.00517024070331409 0)
        (0 0.00525 0)
        (-0.000911652932751384 0.00517024070331409 0)
        (-0.00179560575245976 0.00493338625912602 0)
        (-0.002625 0.0045466333698683 0)
        (-0.00337463495085433 0.00402173332637463 0)
        (-0.00402173332637463 0.00337463495085433 0)
        (-0.0045466333698683 0.002625 0)
        (-0.00493338625912602 0.00179560575245976 0)
        (-0.00517024070331409 0.000911652932751384 0)
        (-0.00525 0 0)
        (-0.00517024070331409 -0.000911652932751384 0)
        (-0.00493338625912602 -0.00179560575245976 0)
        (-0.0045466333698683 -0.002625 0)
        (-0.00402173332637463 -0.00337463495085433 0)
        (-0.00337463495085433 -0.00402173332637463 0)
        (-0.002625 -0.0045466333698683 0)
        (-0.00179560575245976 -0.00493338625912602 0)
        (-0.000911652932751384 -0.00517024070331409 0)
        (0 -0.00525 0)
        (0.000911652932751384 -0.00517024070331409 0)
        (0.00179560575245976 -0.00493338625912602 0)
        (0.002625 -0.0045466333698683 0)
        (0.00337463495085433 -0.00402173332637463 0)
        (0.00402173332637463 -0.00337463495085433 0)
        (0.0045466333698683 -0.002625 0)
        (0.00493338625912602 -0.00179560575245976 0)
        (0.00517024070331409 -0.000911652932751384 0)
    );
}

// ************************************************************************* //
